487982366
279577469
164301847
1904656134
1164401956
85199381
1721887565
274677983
1570502878
720365269
1813757944
299395643
388386980
1417169627
628792112
341999497
1319306707
819169274
260327201
895078268
457503041
1262153827
175905323
1503265389
236285968
561000873
1288462181
2106263366
847955214
881800206
631414295
1463356238
1645566622
1743809888
1503457007
1309326047
577941120
387868459
1292321768
402349018
2001424770
1909746429
817644141
397220634
1708020762
1291037485
292241107
401184660
1759412687
1746694866
599158372
503937421
730979
1548145818
774896074
1337480310
1320237021
1422571143
1217758350
1345432540
1829380517
874975120
1886310831
2072539603
988353281
467584222
1045354781
714088160
1541085684
226824521
456251022
1694306964
583984728
1031056706
924510099
1197047848
1156376240
488460330
1870267476
867327993
62582515
1704826222
1287494880
881220988
1633915604
1346162239
1208529728
858805170
700900703
1090311526
387857631
1110335572
1924549821
510150433
1343608607
1239309644
633294455
850950653
1834019598
1534598195
713262895
555758711
1230274974
1258934702
1906646270
252879356
273198879
333522067
573061399
2126259845
1921328835
62129906
540277700
886444384
1376702649
1252608965
816683214
1426789721
1252438445
98237221
1805532451
1639971847
54223284
797667860
1810798446
2098720285
772928020
472651437
310691406
1257714785
730854074
2005444525
750292010
133836886
981164593
2053872885
789436317
902208653
38799504
1415718687
2012647296
1548179975
1348972773
1200534432
1773335059
1664283547
639072254
1321654331
1620980196
836608330
1300765401
580568147
1590638308
1981604700
1653795224
455486647
1732358221
161334321
1421570533
1580375256
1289181496
1310888689
1071461450
1402210055
458852207
315266672
844799155
1525007768
588229831
1511542476
1910333769
2099132933
1265852015
54325276
364363757
1385786302
1450225999
8971743
464229311
493940426
1632444127
237368417
1573852040
1175156181
442832608
1656805801
1662130405
958436659
170091666
429896305
1132209627
194604922
107329673
3550631
1693396748
318369945
1461900938
808659639
1866034457
589938011
156152678
233042512
1882810703
1227946776
783616562
1873834130
682539655
1733822958
1156848963
1991064850
1736746396
898947548
1063982591
259078368
1380778507
1036077667
1559939393
1421015575
843130738
1401210660
841889618
2016543290
456158076
132163542
774559396
2121384105
1579145241
2091155861
339189025
1328344037
238235647
1117001121
135798573
1738983297
1987320656
1085103601
905091683
1249244480
104358641
1609023335
1741108321
1195377025
992141490
1858987122
256979251
460657440
591046645
1609095140
800451309
1347585555
1507881623
511919514
1011781916
1243145266
674083999
1353533268
539362605
538828248
147824737
1999258827
2013964427
62880575
271869701
1616347538
284936616
41172302
493145380
1155007887
1112871576
1597496109
1276549169
1600249853
314084343
300748475
1650597934
405724792
755999919
1577382981
390139452
806195473
1252985788
707496434
275612799
102086214
2071048392
1695373768
1333890380
1113825627
452362090
757536250
1628694334
1639106876
549041216
2145969800
326577235
1962870560
321716706
1876338243
1966977553
628471353
1393453925
1470946940
373476316
2069226478
1139236228
179087344
1296401161
245230465
567306662
2043159201
1113175677
266070675
788881671
170207919
236276829
407401700
1022505264
1081828754
1699312976
968166179
485377134
1590599832
1334938568
1550852167
1163347130
1684091622
693423494
2122395036
1389993382
1291659208
4121333
547767027
58028100
320700962
1984598011
422765673
1546761835
1136613910
1202945305
1490688277
1453645637
1648252787
1793028456
1938725288
386539485
431092220
1904600209
224470481
1694090035
1233026319
256149883
1553854993
92236184
1877835001
1353185495
1136792735
2060973433
2016745968
1715083575
1884134991
2010418722
599758756
2004656721
394572064
143177712
1206120944
1176561775
444330849
1067938524
174451242
686846139
1098455548
1972965624
338249241
565779878
4820630
1563433471
16442405
1469594019
1257253186
1562694269
477576273
1478031472
1331605055
1359073998
1320614894
1331031713
312849592
1023124888
758431087
1635834264
1380826154
1836880796
230629100
2122784512
1493465573
887019275
301477451
1017595684
170896280
1068141921
1445460974
1527575154
788613393
2103710514
891844590
1943651717
1580653102
1663971924
1844075434
891825734
1626738925
986802518
173714245
1185039442
1194559416
135488909
829427743
875723924
1586557777
2119596887
1606143373
582227221
1557407615
1819095669
1963710191
1548493041
168222094
1220254406
346972792
1153613539
1300384857
627216080
1770917084
1827567015
460218064
1796388801
433985234
1135362626
1647451587
1212161938
1775816524
420592862
1535549357
1667057100
9537291
1379459959
350077901
1801572974
1665034965
383252698
1024637933
418374638
761080588
1068840984
309710933
1958774250
194511240
680299946
598255794
366694504
1903945485
2105426095
1808327046
1364089778
1868967121
487097978
448053882
1363928392
1304036266
1866905027
189222472
1986289344
931711993
1980196074
1601338159
1425374109
1082567678
1233506762
1888504443
285870841
710306348
257197163
1975620777
2013732772
464422284
1589753990
3773956
1151852729
1771222245
513957001
896087573
241023000
719402758
669221096
1227101133
1603280190
1852834421
2075232247
1146464402
1403923530
1339939121
1843284205
478541813
525993076
1322937280
1708667569
1424504499
1499417937
2144153261
2008260967
841592470
1317344148
46694866
969081707
840270701
577209035
968617746
1632412762
1857700509
107711030
2118050436
1384745180
1131957721
255788074
1915382071
1046598767
146924392
1899545941
1176734085
1192861372
1661234459
932657766
695933709
1361905601
1666726281
891913299
950960233
1215335057
1419336382
538221398
685915022
481557658
1821176110
422460079
705610771
795529463
230498419
2073912592
441859287
330585283
606656592
1972469435
588735306
1417126213
2046616661
1240647428
1642593673
1169579926
1211995291
1122464042
1756798646
762180719
231389878
2024278476
1612410358
684745413
151292018
144308478
883552283
13801376
31492556
1014411530
341911177
1982396114
2070188440
127062386
938776384
452331379
241376473
217772528
790743608
1399012020
396569137
1495728918
272353044
1149958751
3905057
1207783589
1203348879
1831105554
1950384568
923046568
221802448
1949615991
890474811
396612534
77618650
1014076821
1158907955
89321395
133616512
1572306069
961825348
1289212867
1838141086
2084970307
1605281650
1131634289
1262317391
777441824
1174227620
2016377057
1957247339
301521827
1763423116
430498365
513613812
1570560991
1697070460
1932905413
1356148122
1537540843
778223950
1434517420
135373071
1030022124
716159601
1996056219
1874822946
121700991
1024123793
367158246
1108122691
1239880853
1643669530
2071639349
890169832
1713281422
1660120578
1539012622
1892093486
477374426
233072590
240848002
2073178666
991666887
324785442
1912976667
1421163032
1173956890
1761185241
1473238886
239507092
1011340766
271188157
899055765
735302063
1600868003
2113396805
480580255
426349418
1649221934
901612909
763548331
1742008292
1288804093
1410327409
1595751124
2013357332
596853145
414692878
1158766031
1998972021
1488583279
434682603
2118625174
306948511
627904283
452643023
1184209887
137130413
500898060
457798180
1927587706
28276100
642526713
1398688275
1397837863
2137348908
1464133387
1822207983
585280414
1332814838
217060409
1707061457
200383879
597495857
479335227
976000292
1156811858
1367441115
212829611
1466999822
606257147
1701448261
348679175
1915505209
968695486
791505295
1315783547
1734961270
961105924
2082755581
889603767
789361555
1793167366
2125902011
202180091
721659883
2097498972
1721156899
879276403
1163530214
466217116
1690724356
500634188
317868770
1628587301
1987686892
797981112
633173869
971745398
511768751
625391822
1175383936
2123227246
344561323
1426243349
659498829
1033716836
536158422
373215742
1984726554
435704227
2109190566
653281733
1769683067
414796119
746453871
50744123
305467402
1504709084
878147716
1521040628
484500908
1896254979
1700110573
1488477076
797212429
598820570
1268950148
585039079
1571664787
921217009
1684659040
1640083232
1926270979
1520365528
2022997090
1550992326
1371515796
2124000121
449369566
2001792910
1654624468
1507688673
1563976158
547448226
1142390634
1655581458
411950427
163548661
2130760914
261384226
1480628267
2026265680
651609634
1584002585
2124157883
953391853
1281383104
1239816812
567332443
328976821
1490523169
826159128
1774686441
754640704
207892946
100849753
617201188
954351706
233763299
1112175930
643192022
1843118403
1986874893
35615801
1594313541
1474219968
1696166737
1776418481
1947749573
1733842190
1480081187
1421426708
1310592128
382128017
1449477189
308623955
869804180
877668131
2050590121
1450596591
1942544193
146366410
1111477055
1782101779
830174944
549029249
1944840431
84532830
1256583143
1038699803
533022558
1355840669
665145566
1449145127
1170108862
1511888055
1276029081
1449065425
1978040995
1888147405
727584116
734351594
658721049
846470258
1693948478
1001361467
52834330
1075838099
1946105800
2024236790
911793756
74352100
1947745793
1670311730
1023012526
1017446600
1960208786
682437675
19845098
676596801
636523542
1435124687
1751774952
80817894
1096679554
41121877
1793136052
1599607613
257374898
667845628
1731930574
1563805780
1978872474
830429429
531191350
643498871
557878605
352111433
1619406946
164799344
1676153625
423494029
903339245
1860790072
494388843
579054058
1913148249
9974412
136218018
198660824
1702881530
815311141
1988678927
291244181
825718554
812410164
476598722
80717344
1554219351
1921033796
1545860374
1018144412
803433188
2071902027
1010031684
1891767100
1434255865
34385480
243661317
2111923637
1490849443
2014878952
400916721
1551129208
1524607923
310485857
2098020036
1888744959
33255959
587154693
621567286
1320916794
2110097719
867416675
1553060889
1778115785
409566843
904841666
1342176055
784728297
1231411452
1032367625
1482289262
2025321234
1958174888
858452341
1213354641
346739375
1525541314
965602865
353431676
186410930
1977343184
897456163
1768078660
1366815081
428494408
1192846865
1417415310
463018999
1627063112
2140446133
1979586434
2092536914
2075710326
591603567
231864959
1419030255
1835595850
109378148
72531604
1415440579
1633453434
20921990
1596051469
618804806
2136555668
1017050589
1746902850
1947261813
2125994458
1755936820
1309856666
906120065
1353391578
305462422
1421010224
753196481
1704640749
317733816
1507899070
805151243
882481354
1342050496
821941831
1761536113
927893649
82314229
475778135
1321497164
1126958074
2126066825
824725342
1299365256
670651249
