730979
3550631
3773956
3905057
4121333
4820630
8971743
9537291
9974412
13801376
16442405
19845098
20921990
28276100
31492556
33255959
34385480
35615801
38799504
41121877
41172302
46694866
50744123
52834330
54223284
54325276
58028100
62129906
62582515
62880575
72531604
74352100
77618650
80717344
80817894
82314229
84532830
85199381
89321395
92236184
98237221
100849753
102086214
104358641
107329673
107711030
109378148
121700991
127062386
132163542
133616512
133836886
135373071
135488909
135798573
136218018
137130413
143177712
144308478
146366410
146924392
147824737
151292018
156152678
161334321
163548661
164301847
164799344
168222094
170091666
170207919
170896280
173714245
174451242
175905323
179087344
186410930
189222472
194511240
194604922
198660824
200383879
202180091
207892946
212829611
217060409
217772528
221802448
224470481
226824521
230498419
230629100
231389878
231864959
233042512
233072590
233763299
236276829
236285968
237368417
238235647
239507092
240848002
241023000
241376473
243661317
245230465
252879356
255788074
256149883
256979251
257197163
257374898
259078368
260327201
261384226
266070675
271188157
271869701
272353044
273198879
274677983
275612799
279577469
284936616
285870841
291244181
292241107
299395643
300748475
301477451
301521827
305462422
305467402
306948511
308623955
309710933
310485857
310691406
312849592
314084343
315266672
317733816
317868770
318369945
320700962
321716706
324785442
326577235
328976821
330585283
333522067
338249241
339189025
341911177
341999497
344561323
346739375
346972792
348679175
350077901
352111433
353431676
364363757
366694504
367158246
373215742
373476316
382128017
383252698
386539485
387857631
387868459
388386980
390139452
394572064
396569137
396612534
397220634
400916721
401184660
402349018
405724792
407401700
409566843
411950427
414692878
414796119
418374638
420592862
422460079
422765673
423494029
426349418
428494408
429896305
430498365
431092220
433985234
434682603
435704227
441859287
442832608
444330849
448053882
449369566
452331379
452362090
452643023
455486647
456158076
456251022
457503041
457798180
458852207
460218064
460657440
463018999
464229311
464422284
466217116
467584222
472651437
475778135
476598722
477374426
477576273
478541813
479335227
480580255
481557658
484500908
485377134
487097978
487982366
488460330
493145380
493940426
494388843
500634188
500898060
503937421
510150433
511768751
511919514
513613812
513957001
525993076
531191350
533022558
536158422
538221398
538828248
539362605
540277700
547448226
547767027
549029249
549041216
555758711
557878605
561000873
565779878
567306662
567332443
573061399
577209035
577941120
579054058
580568147
582227221
583984728
585039079
585280414
587154693
588229831
588735306
589938011
591046645
591603567
596853145
597495857
598255794
598820570
599158372
599758756
606257147
606656592
617201188
618804806
621567286
625391822
627216080
627904283
628471353
628792112
631414295
633173869
633294455
636523542
639072254
642526713
643192022
643498871
651609634
653281733
658721049
659498829
665145566
667845628
669221096
670651249
674083999
676596801
680299946
682437675
682539655
684745413
685915022
686846139
693423494
695933709
700900703
705610771
707496434
710306348
713262895
714088160
716159601
719402758
720365269
721659883
727584116
730854074
734351594
735302063
746453871
750292010
753196481
754640704
755999919
757536250
758431087
761080588
762180719
763548331
772928020
774559396
774896074
777441824
778223950
783616562
784728297
788613393
788881671
789361555
789436317
790743608
791505295
795529463
797212429
797667860
797981112
800451309
803433188
805151243
806195473
808659639
812410164
815311141
816683214
817644141
819169274
821941831
824725342
825718554
826159128
829427743
830174944
830429429
836608330
840270701
841592470
841889618
843130738
844799155
846470258
847955214
850950653
858452341
858805170
867327993
867416675
869804180
874975120
875723924
877668131
878147716
879276403
881220988
881800206
882481354
883552283
886444384
887019275
889603767
890169832
890474811
891825734
891844590
891913299
895078268
896087573
897456163
898947548
899055765
901612909
902208653
903339245
904841666
905091683
906120065
911793756
921217009
923046568
924510099
927893649
931711993
932657766
938776384
950960233
953391853
954351706
958436659
961105924
961825348
965602865
968166179
968617746
968695486
969081707
971745398
976000292
981164593
986802518
988353281
991666887
992141490
1001361467
1010031684
1011340766
1011781916
1014076821
1014411530
1017050589
1017446600
1017595684
1018144412
1022505264
1023012526
1023124888
1024123793
1024637933
1030022124
1031056706
1032367625
1033716836
1036077667
1038699803
1045354781
1046598767
1063982591
1067938524
1068141921
1068840984
1071461450
1075838099
1081828754
1082567678
1085103601
1090311526
1096679554
1098455548
1108122691
1110335572
1111477055
1112175930
1112871576
1113175677
1113825627
1117001121
1122464042
1126958074
1131634289
1131957721
1132209627
1135362626
1136613910
1136792735
1139236228
1142390634
1146464402
1149958751
1151852729
1153613539
1155007887
1156376240
1156811858
1156848963
1158766031
1158907955
1163347130
1163530214
1164401956
1169579926
1170108862
1173956890
1174227620
1175156181
1175383936
1176561775
1176734085
1184209887
1185039442
1192846865
1192861372
1194559416
1195377025
1197047848
1200534432
1202945305
1203348879
1206120944
1207783589
1208529728
1211995291
1212161938
1213354641
1215335057
1217758350
1220254406
1227101133
1227946776
1230274974
1231411452
1233026319
1233506762
1239309644
1239816812
1239880853
1240647428
1243145266
1249244480
1252438445
1252608965
1252985788
1256583143
1257253186
1257714785
1258934702
1262153827
1262317391
1265852015
1268950148
1276029081
1276549169
1281383104
1287494880
1288462181
1288804093
1289181496
1289212867
1291037485
1291659208
1292321768
1296401161
1299365256
1300384857
1300765401
1304036266
1309326047
1309856666
1310592128
1310888689
1315783547
1317344148
1319306707
1320237021
1320614894
1320916794
1321497164
1321654331
1322937280
1328344037
1331031713
1331605055
1332814838
1333890380
1334938568
1337480310
1339939121
1342050496
1342176055
1343608607
1345432540
1346162239
1347585555
1348972773
1353185495
1353391578
1353533268
1355840669
1356148122
1359073998
1361905601
1363928392
1364089778
1366815081
1367441115
1371515796
1376702649
1379459959
1380778507
1380826154
1384745180
1385786302
1389993382
1393453925
1397837863
1398688275
1399012020
1401210660
1402210055
1403923530
1410327409
1415440579
1415718687
1417126213
1417169627
1417415310
1419030255
1419336382
1421010224
1421015575
1421163032
1421426708
1421570533
1422571143
1424504499
1425374109
1426243349
1426789721
1434255865
1434517420
1435124687
1445460974
1449065425
1449145127
1449477189
1450225999
1450596591
1453645637
1461900938
1463356238
1464133387
1466999822
1469594019
1470946940
1473238886
1474219968
1478031472
1480081187
1480628267
1482289262
1488477076
1488583279
1490523169
1490688277
1490849443
1493465573
1495728918
1499417937
1503265389
1503457007
1504709084
1507688673
1507881623
1507899070
1511542476
1511888055
1520365528
1521040628
1524607923
1525007768
1525541314
1527575154
1534598195
1535549357
1537540843
1539012622
1541085684
1545860374
1546761835
1548145818
1548179975
1548493041
1550852167
1550992326
1551129208
1553060889
1553854993
1554219351
1557407615
1559939393
1562694269
1563433471
1563805780
1563976158
1570502878
1570560991
1571664787
1572306069
1573852040
1577382981
1579145241
1580375256
1580653102
1584002585
1586557777
1589753990
1590599832
1590638308
1594313541
1595751124
1596051469
1597496109
1599607613
1600249853
1600868003
1601338159
1603280190
1605281650
1606143373
1609023335
1609095140
1612410358
1616347538
1619406946
1620980196
1626738925
1627063112
1628587301
1628694334
1632412762
1632444127
1633453434
1633915604
1635834264
1639106876
1639971847
1640083232
1642593673
1643669530
1645566622
1647451587
1648252787
1649221934
1650597934
1653795224
1654624468
1655581458
1656805801
1660120578
1661234459
1662130405
1663971924
1664283547
1665034965
1666726281
1667057100
1670311730
1676153625
1684091622
1684659040
1690724356
1693396748
1693948478
1694090035
1694306964
1695373768
1696166737
1697070460
1699312976
1700110573
1701448261
1702881530
1704640749
1704826222
1707061457
1708020762
1708667569
1713281422
1715083575
1721156899
1721887565
1731930574
1732358221
1733822958
1733842190
1734961270
1736746396
1738983297
1741108321
1742008292
1743809888
1746694866
1746902850
1751774952
1755936820
1756798646
1759412687
1761185241
1761536113
1763423116
1768078660
1769683067
1770917084
1771222245
1773335059
1774686441
1775816524
1776418481
1778115785
1782101779
1793028456
1793136052
1793167366
1796388801
1801572974
1805532451
1808327046
1810798446
1813757944
1819095669
1821176110
1822207983
1827567015
1829380517
1831105554
1834019598
1835595850
1836880796
1838141086
1843118403
1843284205
1844075434
1852834421
1857700509
1858987122
1860790072
1866034457
1866905027
1868967121
1870267476
1873834130
1874822946
1876338243
1877835001
1882810703
1884134991
1886310831
1888147405
1888504443
1888744959
1891767100
1892093486
1896254979
1899545941
1903945485
1904600209
1904656134
1906646270
1909746429
1910333769
1912976667
1913148249
1915382071
1915505209
1921033796
1921328835
1924549821
1926270979
1927587706
1932905413
1938725288
1942544193
1943651717
1944840431
1946105800
1947261813
1947745793
1947749573
1949615991
1950384568
1957247339
1958174888
1958774250
1960208786
1962870560
1963710191
1966977553
1972469435
1972965624
1975620777
1977343184
1978040995
1978872474
1979586434
1980196074
1981604700
1982396114
1984598011
1984726554
1986289344
1986874893
1987320656
1987686892
1988678927
1991064850
1996056219
1998972021
1999258827
2001424770
2001792910
2004656721
2005444525
2008260967
2010418722
2012647296
2013357332
2013732772
2013964427
2014878952
2016377057
2016543290
2016745968
2022997090
2024236790
2024278476
2025321234
2026265680
2043159201
2046616661
2050590121
2053872885
2060973433
2069226478
2070188440
2071048392
2071639349
2071902027
2072539603
2073178666
2073912592
2075232247
2075710326
2082755581
2084970307
2091155861
2092536914
2097498972
2098020036
2098720285
2099132933
2103710514
2105426095
2106263366
2109190566
2110097719
2111923637
2113396805
2118050436
2118625174
2119596887
2121384105
2122395036
2122784512
2123227246
2124000121
2124157883
2125902011
2125994458
2126066825
2126259845
2130760914
2136555668
2137348908
2140446133
2144153261
2145969800
